,Пол,Кортизол,Глюкоза,Молочная к-та,Инсулин,МДА (Эритроциты),МДА (Плазма),З/П
2,0,800,3.9,1.7,0.126,23.1,4.9,0
3,1,516,7.0,4.9,0.162,25.5,5.0,0
4,0,450,7.6,6.6,0.096,25.6,4.6,0
5,1,936,4.6,1.7,0.168,30.5,4.5,0
6,1,449,3.8,4.9,0.127,20.5,4.7,0
7,1,235,4.6,1.7,0.134,28.2,4.5,0
8,1,302,7.6,4.9,0.185,19.2,5.0,0
9,1,480,3.8,6.6,0.178,27.7,4.8,0
10,1,745,3.8,6.6,0.146,20.5,4.9,0
11,1,816,4.6,1.7,0.091,25.6,4.5,0
12,1,756,7.0,4.9,0.156,24.4,4.7,0
13,0,846,7.0,6.6,0.136,23.1,4.5,0
14,1,961,4.6,4.9,0.2,20.5,5.1,0
15,0,800,7.6,6.6,0.096,31.2,6.3,1
16,0,777,6.9,3.3,0.12,33.3,9.1,1
17,0,835,4.0,1.7,0.158,35.9,7.6,1
18,0,611,4.2,6.6,0.179,27.7,8.5,1
19,1,519,4.2,3.3,0.099,20.5,8.3,1
20,0,587,5.9,2.2,0.097,23.1,6.9,1
21,0,566,5.6,4.9,0.081,19.2,8.4,1
22,0,602,3.5,4.9,0.11,19.2,6.2,1
23,1,846,3.8,8.3,0.163,33.3,7.1,1
24,1,843,5.7,6.6,0.167,25.6,5.8,1
25,0,518,6.2,6.6,0.185,31.2,7.3,1
26,1,759,4.3,4.9,0.188,19.2,6.9,1
27,0,850,5.8,2.2,0.097,35.9,6.1,1
28,0,581,4.4,1.1,0.072,17.9,8.8,1
29,0,836,3.7,4.9,0.119,20.5,7.9,1
30,1,802,3.7,6.6,0.133,31.7,8.9,1
31,0,744,5.6,4.9,0.164,33.3,8.5,1
32,0,584,4.3,4.4,0.175,17.9,5.6,1
33,0,739,3.2,2.2,0.099,19.2,4.5,1
34,1,883,4.2,1.7,0.11,35.8,4.3,1
35,0,815,3.9,4.9,0.107,19.2,2.8,1
36,0,741,3.9,3.3,0.098,30.7,5.4,1
37,0,625,3.8,4.9,0.128,19.2,6.4,1
38,1,437,4.2,8.3,0.188,20.5,4.5,1
39,1,385,3.8,8.3,0.183,19.2,9.1,1
40,0,678,5.7,3.3,0.199,28.2,7.4,1
41,1,446,3.8,4.9,0.104,20.5,5.3,1
42,1,585,3.7,4.9,0.11,19.2,7.7,1
43,0,554,3.7,3.3,0.124,19.2,5.4,1
44,0,906,3.6,4.9,0.135,27.7,7.8,1
45,0,802,4.5,3.3,0.179,17.9,7.4,1
