ПОЛ в плазме,ПОЛ в мембр. Эритроцитов,Лактат,Глюкоза,Общий белок,Мочевина,Кортизол,Зонулин,Холестерин,ЭХС,ТГ_x,НЭЖК,СХ_x,ФЛ_x,Пол,Возраст,Форма,ЭХ_x,ТГ_y,НеЖК,ХЛ,ФЛ_y,ФЛ,СХ_y,СЖК,ТГ,ЭХ_y
3.08,33.333333333333336,29.622619047619043,6.8273809523809526,39.155,7.063650793650792,248.7183608058607,95.40293253968254,2.504494444444445,19.0,24.0,34.0,7.0,13.0,1.0,62.0,4.0,14.92,16.94,27.66,15.87,24.61,11.1,17.51,27.65,22.61,21.14
2.05,28.205128205128204,29.622619047619043,6.8273809523809526,39.155,7.063650793650792,248.7183608058607,95.40293253968254,2.504494444444445,19.0,24.0,34.0,7.0,13.0,1.0,70.0,4.0,16.57,15.78,20.72,12.09,34.84,14.74,16.96,21.82,25.22,21.26
1.03,23.076923076923077,8.0,8.7,65.0,7.7,369.0,0.28300000000000003,3.0,15.0,20.0,39.0,13.0,11.0,1.0,67.0,4.0,22.08,21.59,19.26,14.86,22.21,8.67,13.46,19.59,33.53,24.76
1.53,38.46153846153846,6.8,6.0,85.6,7.7,328.9,0.3707142857142858,3.0,15.0,20.0,39.0,13.0,11.0,1.0,74.0,4.0,19.31,24.98,34.26,7.48,13.97,15.56,19.88,29.38,28.71,24.36
2.05,30.76923076923077,6.8,6.0,85.6,7.7,328.9,0.3707142857142858,3.0,16.0,17.0,47.0,8.0,9.0,1.0,60.0,3.0,20.15,19.35,32.04,16.17,12.29,8.1,19.4,15.9,30.89,25.73
1.03,25.641025641025642,5.2,6.0,44.1,10.9,235.23,0.6220000000000001,4.4,16.0,17.0,47.0,8.0,9.0,2.0,70.0,2.0,15.47,20.05,39.73,13.42,11.33,9.9,20.26,18.5,26.43,24.91
1.03,25.641025641025642,5.2,6.0,44.1,10.9,235.23,0.6220000000000001,4.4,19.0,25.0,30.0,12.0,11.0,1.0,79.0,4.0,11.44,22.15,41.55,15.75,9.11,8.1,19.4,15.9,30.89,25.73
1.53,35.8974358974359,8.4,5.6,41.5,8.9,638.6,0.32200000000000006,4.6,19.0,25.0,30.0,12.0,11.0,2.0,66.0,4.0,17.11,38.29,11.49,18.14,14.97,13.61,19.06,21.97,22.71,22.66
1.53,35.8974358974359,8.4,5.6,41.5,8.9,638.6,0.32200000000000006,4.6,15.0,21.0,34.0,13.0,15.0,2.0,54.0,2.0,15.16,21.94,34.23,13.59,15.1,11.06,21.05,17.61,26.22,24.06
2.56,33.333333333333336,6.8,10.7,60.0,12.2,384.54,0.28600000000000003,4.3,15.0,21.0,34.0,13.0,15.0,1.0,61.0,4.0,17.11,38.29,11.49,18.14,14.97,11.93,16.75,21.59,24.63,25.1
2.56,33.333333333333336,6.8,10.7,60.0,12.2,384.54,0.28600000000000003,4.3,22.0,21.0,19.0,14.0,22.0,1.0,73.0,4.0,19.67,23.96,17.47,15.11,23.79,8.62,28.99,22.38,21.2,35.21
2.05,30.76923076923077,6.8,6.0,47.0,7.7,314.51,0.21700000000000003,5.0,22.0,21.0,19.0,14.0,22.0,1.0,66.0,4.0,19.38,25.68,30.69,12.71,11.54,24.35,27.09,24.52,12.19,11.85
3.08,30.76923076923077,6.8,6.0,47.0,7.7,314.51,0.21700000000000003,5.0,26.0,21.0,15.0,19.0,17.0,1.0,71.0,4.0,13.56,24.33,33.51,15.0,13.6,11.925735294117645,19.081911764705882,22.808235294117647,24.416029411764708,24.11426470588235
5.2,8.0,47.0,6.4,5.3,2.56,28.205128205128204,240.0,0.20800000000000002,13.0,28.0,35.0,11.0,10.0,1.0,70.0,3.0,22.08,21.59,19.26,14.86,22.21,9.9,20.26,18.5,26.43,24.91
2.05,28.205128205128204,7.6,8.0,41.5,15.26,361.28,0.3707142857142858,4.9,13.0,28.0,35.0,11.0,10.0,1.0,62.0,3.0,26.05,21.96,15.34,19.04,17.61,14.28,19.04,23.0,23.0,23.0
2.05,28.205128205128204,7.6,8.0,41.5,15.26,361.28,0.3707142857142858,4.9,18.0,22.0,40.0,9.0,9.0,1.0,65.0,4.0,18.5,22.14,40.32,9.92,9.12,10.38,23.16,15.53,21.32,29.61
1.03,35.8974358974359,29.622619047619043,6.8273809523809526,39.155,7.063650793650792,248.7183608058607,95.40293253968254,2.504494444444445,19.0,23.0,33.0,11.0,12.0,1.0,72.0,4.0,11.44,22.15,41.55,15.75,9.11,9.9,17.0,22.6,21.7,28.7
1.6,4.0,72.6,3.5,4.6,1.03,30.76923076923077,170.0,0.275,19.0,21.0,37.0,15.0,7.0,2.0,72.0,3.0,18.007976190476192,23.350714285714282,30.425357142857145,14.33452380952381,13.882142857142856,12.0,24.0,21.0,21.0,29.0
1.03,35.8974358974359,29.622619047619043,6.8273809523809526,39.155,7.063650793650792,248.7183608058607,95.40293253968254,2.504494444444445,17.0,38.0,11.0,18.0,14.0,2.0,68.0,4.0,19.69,23.05,33.46,11.14,12.66,7.7,17.6,20.2,27.2,27.0
0.8,6.0,75.2,4.9,4.9,2.05,23.076923076923077,235.41666666666666,0.27153333333333335,17.0,38.0,11.0,18.0,14.0,1.0,70.0,4.0,13.86,28.41,35.16,11.68,10.89,11.925735294117645,19.081911764705882,22.808235294117647,24.416029411764708,24.11426470588235
2.0,5.4,65.0,4.2,6.26,3.1466666666666665,35.8974358974359,380.0,0.17500000000000002,18.0,24.0,30.0,17.0,8.0,2.0,79.0,3.0,19.39,21.11,37.09,15.39,7.02,7.88,20.81,14.05,19.34,37.92
2.05,25.641025641025642,8.4,12.7,52.0,11.5,472.4,0.514,3.2,18.0,24.0,30.0,17.0,8.0,2.0,63.0,4.0,18.007976190476192,23.350714285714282,30.425357142857145,14.33452380952381,13.882142857142856,11.06,21.05,17.61,26.22,24.06
2.05,25.641025641025642,8.4,12.7,52.0,11.5,472.4,0.514,3.2,17.0,24.0,30.0,14.0,12.0,2.0,62.0,4.0,19.38,25.68,30.69,12.71,11.54,11.925735294117645,19.081911764705882,22.808235294117647,24.416029411764708,24.11426470588235
4.6,4.0,70.0,5.6,6.26,3.08,33.333333333333336,250.0,0.30300000000000005,17.0,24.0,31.0,15.0,10.0,2.0,56.0,4.0,16.61,17.6,47.41,8.68,9.7,11.925735294117645,19.081911764705882,22.808235294117647,24.416029411764708,24.11426470588235
0.8,4.0,67.4,6.4,6.26,6.2,34.61538461538461,310.0,0.31100000000000005,17.0,24.0,31.0,15.0,10.0,1.0,70.0,4.0,18.007976190476192,23.350714285714282,30.425357142857145,14.33452380952381,13.882142857142856,11.9,17.35,26.12,22.82,21.81
1.53,38.46153846153846,6.4,7.3,72.6,6.4,474.85,0.506,4.3,19.0,23.0,17.0,15.0,23.0,2.0,63.0,2.0,18.007976190476192,23.350714285714282,30.425357142857145,14.33452380952381,13.882142857142856,16.07,24.63,29.15,22.12,30.15
1.03,37.17948717948718,6.4,7.3,72.6,6.4,474.85,0.506,4.3,17.0,26.0,22.0,17.0,16.0,1.0,66.0,4.0,13.76,24.52,37.78,15.75,8.19,9.1,23.2,27.5,34.5,26.6
1.6,5.8,74.0,6.7,2.3,1.53,21.794871794871796,185.0,0.24200000000000002,25.0,28.0,21.0,12.0,11.0,1.0,66.0,4.0,18.62,24.99,30.09,17.66,8.65,11.925735294117645,19.081911764705882,22.808235294117647,24.416029411764708,24.11426470588235
2.05,25.641025641025642,5.2,5.2,65.0,7.7,280.0,0.3390000000000001,3.0,11.0,33.0,28.0,13.0,12.0,1.0,71.0,4.0,17.93,24.84,30.54,14.14,12.55,10.25,16.72,21.38,24.66,27.0
1.53,25.641025641025642,6.8,9.3,60.0,14.7,301.8,0.28900000000000003,2.0,16.0,25.0,33.0,10.0,13.0,1.0,64.0,4.0,17.85,24.65,31.54,15.14,10.82,13.61,19.06,21.97,22.71,22.66
4.61,33.333333333333336,11.5,7.3,57.0,12.2,490.33,0.3707142857142858,4.6,16.0,24.0,37.0,12.0,8.0,1.0,72.0,2.0,15.95,37.11,23.45,11.06,12.43,11.925735294117645,19.081911764705882,22.808235294117647,24.416029411764708,24.11426470588235
9.6,4.6,52.0,5.6,6.26,4.1,25.641025641025642,210.0,0.194,16.0,24.0,37.0,12.0,8.0,1.0,70.0,3.0,13.76,24.52,37.78,15.76,8.18,11.925735294117645,19.081911764705882,22.808235294117647,24.416029411764708,24.11426470588235
4.4,7.3,60.0,5.6,5.3,3.58,28.205128205128204,350.0,0.24700000000000003,20.0,19.0,32.0,16.0,12.0,1.0,62.0,3.0,17.21,26.29,22.91,17.51,16.08,11.925735294117645,19.081911764705882,22.808235294117647,24.416029411764708,24.11426470588235
4.8,5.2,62.2,6.4,6.4,3.08,21.794871794871796,300.0,0.181,20.0,19.0,32.0,16.0,12.0,2.0,72.0,3.0,18.007976190476192,23.350714285714282,30.425357142857145,14.33452380952381,13.882142857142856,7.2,19.1,19.6,27.5,26.6
1.6,6.3,85.0,5.6,6.8,1.53,20.512820512820515,195.0,0.275,13.0,24.0,33.0,14.0,13.0,2.0,79.0,3.0,25.1,28.78,21.07,12.07,12.98,11.925735294117645,19.081911764705882,22.808235294117647,24.416029411764708,24.11426470588235
0.8,5.4,70.0,5.6,2.0,2.56,33.333333333333336,340.0,0.4,13.0,24.0,33.0,14.0,13.0,2.0,62.0,4.0,11.09,33.36,28.7,13.95,12.9,11.925735294117645,19.081911764705882,22.808235294117647,24.416029411764708,24.11426470588235
4.8,8.7,52.0,8.9,4.6,1.53,28.205128205128204,276.6666666666667,0.31100000000000005,17.0,31.0,22.0,15.0,14.0,1.0,70.0,4.0,16.7,25.98,33.38,10.56,13.38,10.19,18.53,21.11,23.26,26.91
1.03,24.358974358974358,29.622619047619043,6.8273809523809526,39.155,7.063650793650792,248.7183608058607,95.40293253968254,2.504494444444445,13.0,24.0,37.0,15.0,8.0,2.0,63.0,2.0,18.007976190476192,23.350714285714282,30.425357142857145,14.33452380952381,13.882142857142856,15.56,19.88,29.38,28.71,24.36
1.03,37.17948717948718,6.0,1.7,63.0,7.7,184.54,0.41100000000000003,3.8,13.0,24.0,37.0,15.0,8.0,1.0,62.0,4.0,19.67,23.96,17.47,15.11,23.79,10.19,18.53,21.11,23.26,26.91
1.03,28.205128205128204,6.0,1.7,63.0,7.7,184.54,0.41100000000000003,3.8,22.0,20.0,20.0,16.0,20.0,1.0,70.0,4.0,16.93,24.28,37.98,12.32,8.49,11.9,17.35,26.12,22.82,21.81
1.53,38.46153846153846,8.0,7.3,67.4,12.2,321.27,0.397,3.0,22.0,19.0,20.0,19.0,18.0,1.0,67.0,4.0,20.15,19.35,32.03,16.18,12.29,14.74,16.96,21.82,25.22,21.26
1.03,28.205128205128204,8.0,7.3,67.4,12.2,321.27,0.397,3.0,22.0,19.0,20.0,19.0,18.0,1.0,74.0,4.0,13.56,24.33,33.52,15.0,13.6,11.925735294117645,19.081911764705882,22.808235294117647,24.416029411764708,24.11426470588235
6.0,4.7,73.0,8.9,5.8,3.08,28.205128205128204,400.0,0.17700000000000002,19.0,21.0,30.0,16.0,12.0,1.0,60.0,3.0,18.62,24.99,30.09,17.65,8.65,11.93,16.75,21.59,24.63,25.1
1.03,24.358974358974358,6.8,10.7,65.0,8.9,606.14,0.228,2.9,19.0,21.0,30.0,16.0,12.0,2.0,70.0,2.0,17.48,31.21,22.17,15.14,14.0,16.07,24.63,29.15,22.12,30.15
4.61,33.333333333333336,6.8,10.7,65.0,8.9,606.14,0.228,2.9,17.0,23.0,22.0,19.0,16.0,1.0,79.0,4.0,16.93,24.28,37.97,12.32,8.5,11.925735294117645,19.081911764705882,22.808235294117647,24.416029411764708,24.11426470588235
7.6,6.8,57.0,7.7,8.0,2.05,28.205128205128204,320.0,0.3390000000000001,15.0,13.0,40.0,17.0,12.0,2.0,73.0,2.0,15.16,21.94,34.21,13.59,15.1,11.85,12.19,24.52,27.09,24.35
3.08,30.76923076923077,6.0,4.8,60.0,5.6,435.16,0.29200000000000004,5.5,24.0,22.0,29.0,13.0,9.0,2.0,66.0,4.0,22.96,20.5,20.15,16.35,20.04,21.14,22.61,27.65,17.51,11.1
2.05,28.205128205128204,6.0,4.8,60.0,5.6,435.16,0.29200000000000004,5.5,18.0,21.0,33.0,15.0,10.0,1.0,0.61,4.0,15.47,20.05,39.74,13.41,11.33,11.65,18.14,26.3,22.31,21.6
1.03,23.076923076923077,29.622619047619043,6.8273809523809526,39.155,7.063650793650792,248.7183608058607,95.40293253968254,2.504494444444445,18.0,21.0,33.0,15.0,10.0,1.0,73.0,4.0,22.57,19.39,20.36,19.09,18.59,8.67,13.46,19.59,33.53,24.76
3.08,38.46153846153846,5.2,11.3,44.1,17.3,369.0,0.28300000000000003,3.0,18.0,15.0,32.0,16.0,16.0,1.0,66.0,4.0,22.57,19.39,20.35,19.1,18.59,11.925735294117645,19.081911764705882,22.808235294117647,24.416029411764708,24.11426470588235
6.4,10.7,52.0,11.5,5.5,2.05,30.76923076923077,300.0,0.17500000000000002,9.0,20.0,31.0,14.0,23.0,1.0,71.0,4.0,19.38,21.19,30.56,16.48,12.39,5.9,15.0,22.3,27.6,29.1
2.0,5.3,75.2,5.5,3.3,1.53,30.76923076923077,235.41666666666666,0.272,14.0,28.0,27.0,11.0,18.0,1.0,65.0,4.0,17.24,23.12,22.86,19.84,16.94,11.925735294117645,19.081911764705882,22.808235294117647,24.416029411764708,24.11426470588235
2.0,4.7,60.0,6.7,6.26,4.1,28.205128205128204,240.0,0.497,12.0,17.0,46.0,11.0,11.0,1.0,72.0,4.0,15.49,13.38,40.97,17.66,12.5,6.4,19.9,27.9,20.7,25.2
1.2,4.7,72.6,3.5,5.9,3.08,28.205128205128204,295.0,0.272,17.488095238095237,22.857142857142858,30.166666666666668,13.785714285714286,13.119047619047619,2.0,68.0,4.0,18.007976190476192,23.350714285714282,30.425357142857145,14.33452380952381,13.882142857142856,9.86,16.15,28.62,25.78,19.59
3.08,38.46153846153846,11.6,6.7,65.0,12.8,595.92,1.044,4.25,18.0,18.0,18.0,19.0,23.0,1.0,70.0,4.0,24.91,22.23,29.92,13.62,9.32,23.57,31.85,25.25,10.7,8.62
2.05,35.8974358974359,11.6,6.7,65.0,12.8,595.92,1.044,4.25,15.0,37.0,23.0,11.0,12.0,2.0,63.0,4.0,19.31,24.98,34.26,7.48,13.97,11.925735294117645,19.081911764705882,22.808235294117647,24.416029411764708,24.11426470588235
1.6,5.2,65.0,4.2,6.26,3.08,23.076923076923077,240.0,0.256,15.0,37.0,23.0,11.0,12.0,2.0,56.0,4.0,18.2,21.98,33.04,15.82,10.96,5.9,15.0,22.3,27.6,29.1
2.0,4.6,59.0,5.6,4.3,1.53,25.641025641025642,240.0,0.6310000000000001,14.0,23.0,31.0,18.0,11.0,1.0,66.0,4.0,18.007976190476192,23.350714285714282,30.425357142857145,14.33452380952381,13.882142857142856,11.925735294117645,19.081911764705882,22.808235294117647,24.416029411764708,24.11426470588235
6.0,6.0,73.0,8.9,7.6,2.56,21.794871794871796,290.0,0.281,14.0,16.0,27.0,15.0,24.0,1.0,66.0,4.0,18.77,15.33,32.85,16.19,16.86,11.925735294117645,19.081911764705882,22.808235294117647,24.416029411764708,24.11426470588235
6.0,6.0,73.0,8.9,6.26,4.1,25.641025641025642,170.0,0.189,14.0,16.0,27.0,15.0,24.0,1.0,71.0,4.0,9.89,20.58,31.21,14.38,23.94,9.1,23.2,27.5,34.5,26.6
1.2,5.3,77.8,4.9,4.1,1.53,23.076923076923077,190.0,0.272,22.0,27.0,24.0,10.0,13.0,1.0,64.0,4.0,14.4,28.35,27.68,11.54,18.03,11.925735294117645,19.081911764705882,22.808235294117647,24.416029411764708,24.11426470588235
2.0,5.8,77.0,7.7,5.3,2.56,30.76923076923077,230.0,0.197,22.0,27.0,24.0,10.0,13.0,1.0,72.0,2.0,12.55,17.37,46.79,11.66,11.63,11.925735294117645,19.081911764705882,22.808235294117647,24.416029411764708,24.11426470588235
2.05,35.8974358974359,1.2,4.8,73.0,6.4,325.0,0.17500000000000002,4.6,15.0,27.0,36.0,11.0,10.0,1.0,80.0,1.0,18.007976190476192,23.350714285714282,30.425357142857145,14.33452380952381,13.882142857142856,9.61,13.01,21.29,28.82,27.28
1.03,28.205128205128204,8.0,9.3,52.0,13.4,132.71,0.9420000000000001,4.6,15.0,27.0,36.0,11.0,10.0,1.0,66.77158730158732,0.0,18.65,18.79,18.79,19.81,23.96,11.38,15.27,23.91,19.65,29.79
1.03,25.641025641025642,8.0,9.3,52.0,13.4,132.71,0.9420000000000001,4.6,25.0,19.0,35.0,11.0,7.0,1.0,66.77158730158732,0.0,16.4,21.66,26.46,18.09,17.39,9.9,17.0,22.6,21.7,28.7
0.8,5.3,75.2,4.2,4.1,1.53,25.641025641025642,220.0,0.17500000000000002,25.0,19.0,35.0,11.0,7.0,1.0,66.77158730158732,0.0,15.95,37.11,23.45,11.06,12.43,11.925735294117645,19.081911764705882,22.808235294117647,24.416029411764708,24.11426470588235
2.05,25.641025641025642,5.2,5.2,65.0,7.7,280.0,0.3390000000000001,3.0,16.0,25.0,31.0,18.0,8.0,1.0,66.77158730158732,0.0,14.72,23.03,31.71,18.57,11.97,11.925735294117645,19.081911764705882,22.808235294117647,24.416029411764708,24.11426470588235
3.08,37.17948717948718,6.0,6.0,57.0,6.4,250.0,0.24700000000000003,3.0,17.488095238095237,22.857142857142858,30.166666666666668,13.785714285714286,13.119047619047619,1.0,66.77158730158732,0.0,22.96,27.62,24.94,10.96,13.52,9.19,14.54,26.65,25.06,24.57
1.03,25.641025641025642,29.622619047619043,6.8273809523809526,39.155,7.063650793650792,248.7183608058607,95.40293253968254,2.504494444444445,14.0,27.0,34.0,15.0,7.0,1.0,66.77158730158732,0.0,14.92,16.94,27.66,15.87,24.61,14.18,13.6,23.47,23.4,25.36
1.53,25.641025641025642,6.8,9.3,60.0,14.7,301.8,0.28900000000000003,2.0,14.0,27.0,34.0,15.0,7.0,1.0,66.77158730158732,0.0,15.21,27.02,36.45,11.08,10.24,8.82,16.26,23.51,22.49,28.92
1.03,30.76923076923077,6.0,4.8,60.0,5.6,435.16,0.29200000000000004,5.5,16.0,21.0,26.0,18.0,17.0,1.0,66.77158730158732,0.0,22.96,27.62,24.94,10.96,13.52,27.28,28.82,21.29,13.01,9.61
1.03,28.205128205128204,6.0,4.8,60.0,5.6,435.16,0.29200000000000004,5.5,16.0,21.0,26.0,18.0,17.0,1.0,66.77158730158732,0.0,31.87,17.05,21.54,14.68,14.86,8.62,10.7,25.25,31.85,23.57
2.05,35.8974358974359,29.622619047619043,6.8273809523809526,39.155,7.063650793650792,248.7183608058607,95.40293253968254,2.504494444444445,31.0,17.0,21.0,14.0,14.0,1.0,66.77158730158732,0.0,15.21,27.02,36.45,11.08,10.24,8.62,28.99,22.38,21.2,35.21
1.03,35.8974358974359,10.0,4.7,52.0,12.2,446.53,0.24700000000000003,3.0,31.0,17.0,21.0,14.0,14.0,1.0,66.77158730158732,0.0,19.38,21.19,30.56,16.48,12.39,7.7,17.6,20.2,27.2,27.0
1.2,5.3,77.8,4.2,3.6,1.53,20.512820512820515,290.0,0.181,16.0,15.0,20.0,12.0,34.0,2.0,66.77158730158732,0.0,25.13,19.71,35.98,11.39,7.79,11.925735294117645,19.081911764705882,22.808235294117647,24.416029411764708,24.11426470588235
0.8,5.4,74.0,6.7,3.3,1.53,30.76923076923077,235.41666666666663,0.228,16.0,15.0,20.0,12.0,34.0,1.0,66.77158730158732,0.0,16.0,25.03,31.46,18.69,8.82,10.69,14.06,22.88,32.1,20.27
1.03,33.333333333333336,29.622619047619043,6.8273809523809526,39.155,7.063650793650792,248.7183608058607,95.40293253968254,2.504494444444445,20.0,19.0,26.0,12.0,21.0,2.0,66.77158730158732,0.0,18.007976190476192,23.350714285714282,30.425357142857145,14.33452380952381,13.882142857142856,9.86,16.15,28.62,25.78,19.59
1.53,25.641025641025642,6.0,8.0,36.3,7.7,488.95,0.31900000000000006,3.0,18.0,10.0,37.0,20.0,12.0,1.0,66.77158730158732,0.0,19.29,22.2,39.38,10.79,8.34,7.57,11.94,25.48,34.22,20.78
0.51,28.205128205128204,11.2,8.0,62.2,6.4,560.9,0.261,1.5,11.0,22.0,41.0,15.0,9.0,1.0,66.77158730158732,0.0,14.41,27.39,34.87,15.47,7.86,28.92,22.49,23.51,16.26,8.82
1.03,30.76923076923077,11.2,8.0,62.2,6.4,560.9,0.261,1.5,11.0,22.0,41.0,15.0,9.0,1.0,66.77158730158732,0.0,19.63,24.78,29.94,11.44,14.21,7.5,16.73,21.1,32.85,20.92
1.53,25.641025641025642,29.622619047619043,6.8273809523809526,39.155,7.063650793650792,248.7183608058607,95.40293253968254,2.504494444444445,17.488095238095237,22.857142857142858,30.166666666666668,13.785714285714286,13.119047619047619,1.0,66.77158730158732,0.0,16.4,21.66,26.46,18.09,17.39,12.14,16.93,23.38,27.55,19.1
0.51,28.205128205128204,9.6,8.7,41.5,11.5,125.6,0.511,3.8,19.0,24.0,29.0,11.0,14.0,1.0,66.77158730158732,0.0,14.41,27.39,34.87,15.48,7.85,11.925735294117645,19.081911764705882,22.808235294117647,24.416029411764708,24.11426470588235
2.05,37.17948717948718,6.0,6.0,57.0,6.4,250.0,0.24700000000000003,3.0,19.0,24.0,29.0,11.0,14.0,1.0,66.77158730158732,0.0,31.87,17.06,21.53,14.68,14.86,11.925735294117645,19.081911764705882,22.808235294117647,24.416029411764708,24.11426470588235
2.56,33.333333333333336,8.0,6.0,62.2,7.7,230.0,0.189,3.0,15.0,26.0,36.0,14.0,6.0,1.0,66.77158730158732,0.0,17.85,24.65,31.54,15.14,10.82,11.925735294117645,19.081911764705882,22.808235294117647,24.416029411764708,24.11426470588235
4.8,8.0,47.0,7.7,7.8,2.05,28.205128205128204,150.0,0.15000000000000002,15.0,26.0,36.0,14.0,6.0,1.0,66.77158730158732,0.0,16.57,15.78,20.72,12.09,34.84,7.2,19.1,19.6,27.5,26.6
2.0,5.3,75.2,4.9,5.8,1.03,29.487179487179485,270.0,0.21100000000000002,19.0,23.0,39.0,10.0,7.0,1.0,66.77158730158732,0.0,20.01,19.72,26.32,12.87,21.08,7.88,20.81,14.05,19.34,37.92
3.58,25.641025641025642,7.6,4.7,65.0,10.9,404.13,0.3707142857142858,2.0,19.0,23.0,39.0,10.0,7.0,1.0,66.77158730158732,0.0,18.93,10.69,37.58,20.25,12.55,11.76,11.76,23.52,23.52,29.41
3.58,25.641025641025642,7.6,4.7,65.0,10.9,404.13,0.3707142857142858,2.0,17.488095238095237,22.857142857142858,30.166666666666668,13.785714285714286,13.119047619047619,2.0,66.77158730158732,0.0,13.86,28.41,35.16,11.68,10.89,11.925735294117645,19.081911764705882,22.808235294117647,24.416029411764708,24.11426470588235
0.8,4.6,77.0,6.7,3.8,1.53,33.333333333333336,235.41666666666666,0.181,17.488095238095237,22.857142857142858,30.166666666666668,13.785714285714286,13.119047619047619,2.0,66.77158730158732,0.0,16.61,17.61,47.41,8.68,9.7,14.18,13.6,23.47,23.4,25.36
1.53,25.641025641025642,9.6,9.3,75.2,10.9,222.42,0.342,3.8,17.488095238095237,22.857142857142858,30.166666666666668,13.785714285714286,13.119047619047619,2.0,66.77158730158732,0.0,18.007976190476192,23.350714285714282,30.425357142857145,14.33452380952381,13.882142857142856,20.92,32.85,21.1,16.73,7.5
1.53,25.641025641025642,9.6,9.3,75.2,10.9,222.42,0.342,3.8,17.488095238095237,22.857142857142858,30.166666666666668,13.785714285714286,13.119047619047619,1.0,66.77158730158732,0.0,15.7,26.81,36.4,14.52,6.57,11.38,15.27,23.91,19.65,29.79
1.53,33.333333333333336,10.0,6.0,65.0,8.9,467.94,0.256,7.3,17.488095238095237,22.857142857142858,30.166666666666668,13.785714285714286,13.119047619047619,1.0,66.77158730158732,0.0,19.63,24.78,29.94,11.44,14.21,20.27,32.1,22.88,14.06,10.69
1.03,33.333333333333336,10.0,6.0,65.0,8.9,467.94,0.256,7.3,17.488095238095237,22.857142857142858,30.166666666666668,13.785714285714286,13.119047619047619,1.0,66.77158730158732,0.0,25.13,19.71,35.98,11.39,7.79,12.14,16.93,23.38,27.55,19.1
1.03,35.8974358974359,29.622619047619043,6.8273809523809526,39.155,7.063650793650792,248.7183608058607,95.40293253968254,2.504494444444445,17.488095238095237,22.857142857142858,30.166666666666668,13.785714285714286,13.119047619047619,1.0,66.77158730158732,0.0,15.7,26.81,36.4,14.52,6.58,11.65,18.14,26.3,22.31,21.6
1.53,33.333333333333336,5.2,8.0,41.5,8.9,373.44,0.29700000000000004,2.6,17.488095238095237,22.857142857142858,30.166666666666668,13.785714285714286,13.119047619047619,1.0,66.77158730158732,0.0,18.2,21.98,33.04,15.82,10.96,11.925735294117645,19.081911764705882,22.808235294117647,24.416029411764708,24.11426470588235
